351.309
351.945
352.581
353.217
353.853
354.489
355.125
355.761
356.397
357.033
357.669
358.305
358.941
359.577
360.213
360.849
361.485
362.121
362.757
363.393
364.029
364.665
365.301
365.938
366.574
367.21
367.846
368.482
369.118
369.754
370.391
371.027
371.663
372.299
372.935
373.572
374.208
374.844
375.48
376.117
376.753
377.389
378.026
378.662
379.298
379.935
380.571
381.207
381.844
382.48
383.116
383.753
384.389
385.026
385.662
386.298
386.935
387.571
388.208
388.844
389.481
390.117
390.754
391.39
392.027
392.663
393.3
393.936
394.573
395.209
395.846
396.482
397.119
397.756
398.392
399.029
399.665
400.302
400.939
401.575
402.212
402.849
403.485
404.122
404.759
405.395
406.032
406.669
407.306
407.942
408.579
409.216
409.853
410.489
411.126
411.763
412.4
413.037
413.674
414.31
414.947
415.584
416.221
416.858
417.495
418.132
418.768
419.405
420.042
420.679
421.316
421.953
422.59
423.227
423.864
424.501
425.138
425.775
426.412
427.049
427.686
428.323
428.96
429.597
430.234
430.871
431.509
432.146
432.783
433.42
434.057
434.694
435.331
435.968
436.606
437.243
437.88
438.517
439.154
439.792
440.429
441.066
441.703
442.341
442.978
443.615
444.252
444.89
445.527
446.164
446.802
447.439
448.076
448.714
449.351
449.988
450.626
451.263
451.9
452.538
453.175
453.813
454.45
455.088
455.725
456.362
457
457.637
458.275
458.912
459.55
460.187
460.825
461.462
462.1
462.738
463.375
464.013
464.65
465.288
465.925
466.563
467.201
467.838
468.476
469.114
469.751
470.389
471.027
471.664
472.302
472.94
473.577
474.215
474.853
475.491
476.128
476.766
477.404
478.042
478.679
479.317
479.955
480.593
481.231
481.868
482.506
483.144
483.782
484.42
485.058
485.696
486.334
486.971
487.609
488.247
488.885
489.523
490.161
490.799
491.437
492.075
492.713
493.351
493.989
494.627
495.265
495.903
496.541
497.179
497.817
498.455
499.093
499.732
500.37
501.008
501.646
502.284
502.922
503.56
504.199
504.837
505.475
506.113
506.751
507.389
508.028
508.666
509.304
509.942
510.581
511.219
511.857
512.496
513.134
513.772
514.41
515.049
515.687
516.325
516.964
517.602
518.241
518.879
519.517
520.156
520.794
521.432
522.071
522.709
523.348
523.986
524.625
525.263
525.902
526.54
527.179
527.817
528.456
529.094
529.733
530.371
531.01
531.648
532.287
532.926
533.564
534.203
534.841
535.48
536.119
536.757
537.396
538.035
538.673
539.312
539.951
540.589
541.228
541.867
542.506
543.144
543.783
544.422
545.061
545.699
546.338
546.977
547.616
548.254
548.893
549.532
550.171
550.81
551.449
552.088
552.726
553.365
554.004
554.643
555.282
555.921
556.56
557.199
557.838
558.477
559.116
559.755
560.394
561.033
561.672
562.311
562.95
563.589
564.228
564.867
565.506
566.145
566.784
567.423
568.062
568.701
569.341
569.98
570.619
571.258
571.897
572.536
573.175
573.815
574.454
575.093
575.732
576.372
577.011
577.65
578.289
578.928
579.568
580.207
580.846
581.486
582.125
582.764
583.404
584.043
584.682
585.322
585.961
586.6
587.24
587.879
588.519
589.158
589.797
590.437
591.076
591.716
592.355
592.995
593.634
594.274
594.913
595.553
596.192
596.832
597.471
598.111
598.75
599.39
600.029
600.669
601.309
601.948
602.588
603.227
603.867
604.507
605.146
605.786
606.426
607.065
607.705
608.345
608.984
609.624
610.264
610.904
611.543
612.183
612.823
613.463
614.102
614.742
615.382
616.022
616.662
617.301
617.941
618.581
619.221
619.861
620.501
621.141
621.781
622.42
623.06
623.7
624.34
624.98
625.62
626.26
626.9
627.54
628.18
628.82
629.46
630.1
630.74
631.38
632.02
632.66
633.3
633.94
634.58
635.22
635.861
636.501
637.141
637.781
638.421
639.061
639.701
640.342
640.982
641.622
642.262
642.902
643.542
644.183
644.823
645.463
646.103
646.744
647.384
648.024
648.665
649.305
649.945
650.585
651.226
651.866
652.506
653.147
653.787
654.428
655.068
655.708
656.349
656.989
657.63
658.27
658.91
659.551
660.191
660.832
661.472
662.113
662.753
663.394
664.034
664.675
665.315
665.956
666.596
667.237
667.878
668.518
669.159
669.799
670.44
671.081
671.721
672.362
673.002
673.643
674.284
674.924
675.565
676.206
676.846
677.487
678.128
678.769
679.409
680.05
680.691
681.332
681.972
682.613
683.254
683.895
684.536
685.176
685.817
686.458
687.099
687.74
688.381
689.022
689.662
690.303
690.944
691.585
692.226
692.867
693.508
694.149
694.79
695.431
696.072
696.713
697.354
697.995
698.636
699.277
699.918
700.559
701.2
701.841
702.482
703.123
703.764
704.406
705.047
705.688
706.329
706.97
707.611
708.252
708.894
709.535
710.176
710.817
711.458
712.1
712.741
713.382
714.023
714.665
715.306
715.947
716.588
717.23
717.871
718.512
719.154
719.795
720.436
721.078
721.719
722.36
723.002
723.643
724.284
724.926
725.567
726.209
726.85
727.492
728.133
728.775
729.416
730.057
730.699
731.34
731.982
732.624
733.265
733.907
734.548
735.19
735.831
736.473
737.114
737.756
738.398
739.039
739.681
740.322
740.964
741.606
742.247
742.889
743.531
744.172
744.814
745.456
746.098
746.739
747.381
748.023
748.665
749.306
749.948
750.59
751.232
751.873
752.515
753.157
753.799
754.441
755.083
755.724
756.366
757.008
757.65
758.292
758.934
759.576
760.218
760.86
761.502
762.144
762.786
763.427
764.069
764.711
765.353
765.995
766.637
767.28
767.922
768.564
769.206
769.848
770.49
771.132
771.774
772.416
773.058
773.7
774.342
774.985
775.627
776.269
776.911
777.553
778.195
778.838
779.48
780.122
780.764
781.406
782.049
782.691
783.333
783.976
784.618
785.26
785.902
786.545
787.187
787.829
788.472
789.114
789.756
790.399
791.041
791.684
792.326
792.968
793.611
794.253
794.896
795.538
796.18
796.823
797.465
798.108
798.75
799.393
800.035
800.678
801.32
801.963
802.605
803.248
803.891
804.533
805.176
805.818
806.461
807.104
807.746
808.389
809.031
809.674
810.317
810.959
811.602
812.245
812.887
813.53
814.173
814.816
815.458
816.101
816.744
817.387
818.029
818.672
819.315
819.958
820.601
821.243
821.886
822.529
823.172
823.815
824.458
825.1
825.743
826.386
827.029
827.672
828.315
828.958
829.601
830.244
830.887
831.53
832.173
832.816
833.459
834.102
834.745
835.388
836.031
836.674
837.317
837.96
838.603
839.246
839.889
840.532
841.175
841.818
842.462
843.105
843.748
844.391
845.034
845.677
846.321
846.964
847.607
848.25
848.893
849.537
850.18
850.823
851.466
852.11
852.753
853.396
854.039
854.683
855.326
855.969
856.613
857.256
857.899
858.543
859.186
859.83
860.473
861.116
861.76
862.403
863.047
863.69
864.333
864.977
865.62
866.264
866.907
867.551
868.194
868.838
869.481
870.125
870.768
871.412
872.056
872.699
873.343
873.986
874.63
875.274
875.917
876.561
877.204
877.848
878.492
879.135
879.779
880.423
881.066
881.71
882.354
882.998
883.641
884.285
884.929
885.573
886.216
886.86
887.504
888.148
888.791
889.435
890.079
890.723
891.367
892.011
892.654
893.298
893.942
894.586
895.23
895.874
896.518
897.162
897.806
898.45
899.094
899.738
900.382
901.025
901.669
902.313
902.957
903.602
904.246
904.89
905.534
906.178
906.822
907.466
908.11
908.754
909.398
910.042
910.686
911.33
911.975
912.619
913.263
913.907
914.551
915.195
915.84
916.484
917.128
917.772
918.417
919.061
919.705
920.349
920.994
921.638
922.282
922.926
923.571
924.215
924.859
925.504
926.148
926.793
927.437
928.081
928.726
929.37
930.014
930.659
931.303
931.948
932.592
933.237
933.881
934.526
935.17
935.815
936.459
937.104
937.748
938.393
939.037
939.682
940.326
940.971
941.615
942.26
942.905
943.549
944.194
944.838
945.483
946.128
946.772
947.417
948.062
948.706
949.351
949.996
950.64
951.285
951.93
952.575
953.219
953.864
954.509
955.154
955.798
956.443
957.088
957.733
958.378
959.022
959.667
960.312
960.957
961.602
962.247
962.892
963.536
964.181
964.826
965.471
966.116
966.761
967.406
968.051
968.696
969.341
969.986
970.631
971.276
971.921
972.566
973.211
973.856
974.501
975.146
975.791
976.436
977.081
977.727
978.372
979.017
979.662
980.307
980.952
981.597
982.243
982.888
983.533
984.178
984.823
985.468
986.114
986.759
987.404
988.049
988.695
989.34
989.985
990.631
991.276
991.921
992.566
993.212
993.857
994.502
995.148
995.793
996.439
997.084
997.729
998.375
999.02
999.666
1000.311
1000.956
1001.602
1002.247
1002.893
1003.538
1004.184
1004.829
1005.475
1006.12
1006.766
1007.411
1008.057
1008.702
1009.348
1009.994
1010.639
1011.285
1011.93
1012.576
1013.222
1013.867
1014.513
1015.159
1015.804
1016.45
1017.096
1017.741
1018.387
1019.033
1019.678
1020.324
1020.97
1021.616
1022.261
1022.907
1023.553
1024.199
1024.844
1025.49
1026.136
1026.782
1027.428
1028.073
1028.719
1029.365
1030.011
1030.657
1031.303
1031.949
1032.595
1033.24
1033.886
1034.532
1035.178
1035.824
1036.47
1037.116
1037.762
1038.408
1039.054
1039.7
1040.346
1040.992
1041.638
1042.284
1042.93
1043.576
1044.222
1044.868
1045.515
1046.161
1046.807
1047.453
1048.099
1048.745
1049.391
1050.037
1050.684
1051.33
1051.976
1052.622
1053.268
1053.915
1054.561
1055.207
1055.853
1056.499
1057.146
1057.792
1058.438
1059.085
1059.731
1060.377
1061.023
1061.67
1062.316
1062.962
1063.609
1064.255
1064.902
1065.548
1066.194
1066.841
1067.487
1068.134
1068.78
1069.426
1070.073
1070.719
1071.366
1072.012
1072.659
1073.305
1073.952
1074.598
1075.245
1075.891
1076.538
1077.184
1077.831
1078.478
1079.124
1079.771
1080.417
1081.064
1081.71
1082.357
1083.004
1083.65
1084.297
1084.944
1085.59
1086.237
1086.884
1087.53
1088.177
1088.824
1089.471
1090.117
1090.764
1091.411
1092.058
1092.704
1093.351
1093.998
1094.645
1095.292
1095.938
1096.585
1097.232
1097.879
1098.526
1099.173
1099.82
1100.466
1101.113
1101.76
1102.407
1103.054
1103.701
1104.348
1104.995
1105.642
1106.289
1106.936
1107.583
1108.23
1108.877
1109.524
1110.171
1110.818
1111.465
1112.112
1112.759
1113.406
1114.053
1114.7
1115.347
1115.995
1116.642
1117.289
1117.936
1118.583
1119.23
1119.877
1120.525
1121.172
1121.819
1122.466
1123.113
1123.761
1124.408
1125.055
1125.702
1126.35
1126.997
1127.644
1128.291
1128.939
1129.586
1130.233
1130.881
1131.528
1132.175
1132.823
1133.47
1134.118
1134.765
1135.412
1136.06
1136.707
1137.355
1138.002
1138.649
1139.297
1139.944
1140.592
1141.239
1141.887
1142.534
1143.182
1143.829
1144.477
1145.124
1145.772
1146.419
1147.067
1147.715
1148.362
1149.01
1149.657
1150.305
1150.953
1151.6
1152.248
1152.896
1153.543
1154.191
1154.839
1155.486
1156.134
1156.782
1157.429
1158.077
1158.725
1159.373
1160.02
1160.668
1161.316
1161.964
1162.611
1163.259
1163.907
1164.555
1165.203
1165.851
1166.498
1167.146
1167.794
1168.442
1169.09
1169.738
1170.386
1171.034
1171.681
1172.329
1172.977
1173.625
1174.273
1174.921
1175.569
1176.217
1176.865
1177.513
1178.161
1178.809
1179.457
1180.105
1180.753
1181.401
1182.049
1182.698
1183.346
1183.994
1184.642
1185.29
1185.938
1186.586
1187.234
1187.883
1188.531
1189.179
1189.827
1190.475
1191.123
1191.772
1192.42
1193.068
1193.716
1194.365
1195.013
1195.661
1196.309
1196.958
1197.606
1198.254
1198.903
1199.551
1200.199
1200.848
1201.496
1202.144
1202.793
1203.441
1204.09
1204.738
1205.386
1206.035
1206.683
1207.332
1207.98
1208.629
1209.277
1209.926
1210.574
1211.222