214.292
214.721
215.149
215.577
216.005
216.433
216.861
217.289
217.717
218.146
218.574
219.002
219.43
219.858
220.286
220.714
221.142
221.57
221.998
222.426
222.854
223.283
223.711
224.139
224.567
224.995
225.423
225.851
226.279
226.707
227.135
227.563
227.991
228.419
228.847
229.275
229.703
230.131
230.559
230.987
231.415
231.843
232.271
232.699
233.127
233.555
233.983
234.41
234.838
235.266
235.694
236.122
236.55
236.978
237.406
237.834
238.262
238.69
239.118
239.545
239.973
240.401
240.829
241.257
241.685
242.113
242.541
242.968
243.396
243.824
244.252
244.68
245.108
245.535
245.963
246.391
246.819
247.247
247.674
248.102
248.53
248.958
249.386
249.813
250.241
250.669
251.097
251.525
251.952
252.38
252.808
253.236
253.663
254.091
254.519
254.947
255.374
255.802
256.23
256.657
257.085
257.513
257.941
258.368
258.796
259.224
259.651
260.079
260.507
260.934
261.362
261.79
262.217
262.645
263.073
263.5
263.928
264.356
264.783
265.211
265.638
266.066
266.494
266.921
267.349
267.776
268.204
268.632
269.059
269.487
269.914
270.342
270.769
271.197
271.625
272.052
272.48
272.907
273.335
273.762
274.19
274.617
275.045
275.472
275.9
276.327
276.755
277.182
277.61
278.037
278.465
278.892
279.32
279.747
280.175
280.602
281.03
281.457
281.885
282.312
282.74
283.167
283.595
284.022
284.449
284.877
285.304
285.732
286.159
286.586
287.014
287.441
287.869
288.296
288.723
289.151
289.578
290.006
290.433
290.86
291.288
291.715
292.142
292.57
292.997
293.424
293.852
294.279
294.706
295.134
295.561
295.988
296.416
296.843
297.27
297.697
298.125
298.552
298.979
299.407
299.834
300.261
300.688
301.116
301.543
301.97
302.397
302.825
303.252
303.679
304.106
304.534
304.961
305.388
305.815
306.242
306.67
307.097
307.524
307.951
308.378
308.805
309.233
309.66
310.087
310.514
310.941
311.368
311.796
312.223
312.65
313.077
313.504
313.931
314.358
314.785
315.213
315.64
316.067
316.494
316.921
317.348
317.775
318.202
318.629
319.056
319.483
319.911
320.338
320.765
321.192
321.619
322.046
322.473
322.9
323.327
323.754
324.181
324.608
325.035
325.462
325.889
326.316
326.743
327.17
327.597
328.024
328.451
328.878
329.305
329.732
330.159
330.586
331.013
331.44
331.867
332.293
332.72
333.147
333.574
334.001
334.428
334.855
335.282
335.709
336.136
336.563
336.989
337.416
337.843
338.27
338.697
339.124
339.551
339.978
340.404
340.831
341.258
341.685
342.112
342.539
342.965
343.392
343.819
344.246
344.673
345.099
345.526
345.953
346.38
346.807
347.233
347.66
348.087
348.514
348.94
349.367
349.794
350.221
350.648
351.074
351.501
351.928
352.354
352.781
353.208
353.635
354.061
354.488
354.915
355.341
355.768
356.195
356.621
357.048
357.475
357.902
358.328
358.755
359.182
359.608
360.035
360.461
360.888
361.315
361.741
362.168
362.595
363.021
363.448
363.874
364.301
364.728
365.154
365.581
366.007
366.434
366.861
367.287
367.714
368.14
368.567
368.993
369.42
369.847
370.273
370.7
371.126
371.553
371.979
372.406
372.832
373.259
373.685
374.112
374.538
374.965
375.391
375.818
376.244
376.671
377.097
377.524
377.95
378.377
378.803
379.229
379.656
380.082
380.509
380.935
381.362
381.788
382.215
382.641
383.067
383.494
383.92
384.347
384.773
385.199
385.626
386.052
386.478
386.905
387.331
387.758
388.184
388.61
389.037
389.463
389.889
390.316
390.742
391.168
391.595
392.021
392.447
392.874
393.3
393.726
394.153
394.579
395.005
395.431
395.858
396.284
396.71
397.136
397.563
397.989
398.415
398.841
399.268
399.694
400.12
400.546
400.973
401.399
401.825
402.251
402.678
403.104
403.53
403.956
404.382
404.809
405.235
405.661
406.087
406.513
406.939
407.366
407.792
408.218
408.644
409.07
409.496
409.922
410.349
410.775
411.201
411.627
412.053
412.479
412.905
413.331
413.757
414.184
414.61
415.036
415.462
415.888
416.314
416.74
417.166
417.592
418.018
418.444
418.87
419.296
419.722
420.148
420.574
421
421.426
421.852
422.278
422.704
423.13
423.556
423.982
424.408
424.834
425.26
425.686
426.112
426.538
426.964
427.39
427.816
428.242
428.668
429.094
429.52
429.946
430.372
430.798
431.224
431.649
432.075
432.501
432.927
433.353
433.779
434.205
434.631
435.057
435.482
435.908
436.334
436.76
437.186
437.612
438.038
438.463
438.889
439.315
439.741
440.167
440.593
441.018
441.444
441.87
442.296
442.722
443.147
443.573
443.999
444.425
444.851
445.276
445.702
446.128
446.554
446.979
447.405
447.831
448.257
448.682
449.108
449.534
449.959
450.385
450.811
451.237
451.662
452.088
452.514
452.939
453.365
453.791
454.216
454.642
455.068
455.493
455.919
456.345
456.77
457.196
457.622
458.047
458.473
458.899
459.324
459.75
460.175
460.601
461.027
461.452
461.878
462.303
462.729
463.155
463.58
464.006
464.431
464.857
465.283
465.708
466.134
466.559
466.985
467.41
467.836
468.261
468.687
469.112
469.538
469.963
470.389
470.814
471.24
471.665
472.091
472.516
472.942
473.367
473.793
474.218
474.644
475.069
475.495
475.92
476.346
476.771
477.197
477.622
478.047
478.473
478.898
479.324
479.749
480.174
480.6
481.025
481.451
481.876
482.301
482.727
483.152
483.578
484.003
484.428
484.854
485.279
485.704
486.13
486.555
486.98
487.406
487.831
488.256
488.682
489.107
489.532
489.958
490.383
490.808
491.234
491.659
492.084
492.509
492.935
493.36
493.785
494.211
494.636
495.061
495.486
495.912
496.337
496.762
497.187
497.612
498.038
498.463
498.888
499.313
499.739
500.164
500.589
501.014
501.439
501.865
502.29
502.715
503.14
503.565
503.99
504.416
504.841
505.266
505.691
506.116
506.541
506.966
507.392
507.817
508.242
508.667
509.092
509.517
509.942
510.367
510.792
511.217
511.643
512.068
512.493
512.918
513.343
513.768
514.193
514.618
515.043
515.468
515.893
516.318
516.743
517.168
517.593
518.018
518.443
518.868
519.293
519.718
520.143
520.568
520.993
521.418
521.843
522.268
522.693
523.118
523.543
523.968
524.393
524.818
525.243
525.668
526.093
526.518
526.943
527.368
527.792
528.217
528.642
529.067
529.492
529.917
530.342
530.767
531.192
531.617
532.041
532.466
532.891
533.316
533.741
534.166
534.591
535.015
535.44
535.865
536.29
536.715
537.14
537.564
537.989
538.414
538.839
539.264
539.688
540.113
540.538
540.963
541.388
541.812
542.237
542.662
543.087
543.511
543.936
544.361
544.786
545.21
545.635
546.06
546.484
546.909
547.334
547.759
548.183
548.608
549.033
549.457
549.882
550.307
550.731
551.156
551.581
552.005
552.43
552.855
553.279
553.704
554.129
554.553
554.978
555.403
555.827
556.252
556.677
557.101
557.526
557.95
558.375
558.8
559.224
559.649
560.073
560.498
560.922
561.347
561.772
562.196
562.621
563.045
563.47
563.894
564.319
564.743
565.168
565.592
566.017
566.442
566.866
567.291
567.715
568.14
568.564
568.989
569.413
569.837
570.262
570.686
571.111
571.535
571.96
572.384
572.809
573.233
573.658
574.082
574.506
574.931
575.355
575.78
576.204
576.629
577.053
577.477
577.902
578.326
578.751
579.175
579.599
580.024
580.448
580.872
581.297
581.721
582.146
582.57
582.994
583.419
583.843
584.267
584.692
585.116
585.54
585.965
586.389
586.813
587.237
587.662
588.086
588.51
588.935
589.359
589.783
590.207
590.632
591.056
591.48
591.904
592.329
592.753
593.177
593.601
594.026
594.45
594.874
595.298
595.723
596.147
596.571
596.995
597.419
597.844
598.268
598.692
599.116
599.54
599.964
600.389
600.813
601.237
601.661
602.085
602.509
602.933
603.358
603.782
604.206
604.63
605.054
605.478
605.902
606.326
606.751
607.175
607.599
608.023
608.447
608.871
609.295
609.719
610.143
610.567
610.991
611.415
611.839
612.263
612.687
613.111
613.536
613.96
614.384
614.808
615.232
615.656
616.08
616.504
616.928
617.352
617.776
618.2
618.624
619.047
619.471
619.895
620.319
620.743
621.167
621.591
622.015
622.439
622.863
623.287
623.711
624.135
624.559
624.983
625.407
625.83
626.254
626.678
627.102
627.526
627.95
628.374
628.798
629.221
629.645
630.069
630.493
630.917
631.341
631.765
632.188
632.612
633.036
633.46
633.884
634.308
634.731
635.155
635.579
636.003
636.427
636.85
637.274
637.698
638.122
638.545
638.969
639.393
639.817
640.24
640.664
641.088
641.512
641.935
642.359
642.783
643.207
643.63
644.054
644.478
644.901
645.325
645.749
646.173
646.596
647.02
647.444
647.867
648.291
648.715
649.138
649.562
649.986
650.409
650.833
651.256
651.68
652.104
652.527
652.951
653.375
653.798
654.222
654.645
655.069
655.493
655.916
656.34
656.763
657.187
657.61
658.034
658.458
658.881
659.305
659.728
660.152
660.575
660.999
661.422
661.846
662.269
662.693
663.117
663.54
663.964
664.387
664.811
665.234
665.657
666.081
666.504
666.928
667.351
667.775
668.198
668.622
669.045
669.469
669.892
670.316
670.739
671.162
671.586
672.009
672.433
672.856
673.28
673.703
674.126
674.55
674.973
675.397
675.82
676.243
676.667
677.09
677.513
677.937
678.36
678.783
679.207
679.63
680.053
680.477
680.9
681.323
681.747
682.17
682.593
683.017
683.44
683.863
684.287
684.71
685.133
685.556
685.98
686.403
686.826
687.25
687.673
688.096
688.519
688.943
689.366
689.789
690.212
690.635
691.059
691.482
691.905
692.328
692.752
693.175
693.598
694.021
694.444
694.868
695.291
695.714
696.137
696.56
696.983
697.407
697.83
698.253
698.676
699.099
699.522
699.945
700.369
700.792
701.215
701.638
702.061
702.484
702.907
703.33
703.753
704.176
704.6
705.023
705.446
705.869
706.292
706.715
707.138
707.561
707.984
708.407
708.83
709.253
709.676
710.099
710.522
710.945
711.368
711.791
712.214
712.637
713.06
713.483
713.906
714.329
714.752
715.175
715.598
716.021
716.444
716.867
717.29
717.713
718.136
718.559
718.982
719.405
719.828
720.251
720.673
721.096
721.519
721.942
722.365
722.788
723.211
723.634
724.057
724.479
724.902
725.325
725.748
726.171
726.594
727.017
727.44
727.862
728.285
728.708
729.131
729.554
729.976
730.399
730.822
731.245
731.668
732.091
732.513
732.936
733.359
733.782
734.204
734.627
735.05
735.473
735.895
736.318
736.741
737.164
737.586
738.009
738.432
738.855
739.277
739.7
740.123
740.546
740.968
741.391
741.814
742.236
742.659
743.082
743.504
743.927
744.35
744.772
745.195
745.618
746.04
746.463
746.886
747.308
747.731
748.154
748.576
748.999
749.421
749.844
750.267
750.689
751.112
751.534
751.957
752.38
752.802
753.225
753.647
754.07
754.492
754.915
755.338
755.76
756.183
756.605
757.028
757.45
757.873
758.295
758.718
759.14
759.563
759.985
760.408
760.83
761.253
761.675
762.098
762.52
762.943
763.365
763.788
764.21
764.633
765.055
765.478
765.9
766.322
766.745
767.167
767.59
768.012
768.435
768.857
769.279
769.702
770.124
770.547
770.969
771.391
771.814
772.236
772.659
773.081
773.503
773.926
774.348
774.77
775.193
775.615
776.037
776.46
776.882
777.304
777.727
778.149
778.571
778.994
779.416
779.838
780.261
780.683
781.105
781.527
781.95
782.372
782.794
783.217
783.639